5
13
3 8 1 431.5 
3 7 12 571.45 
5 6 4 692.23 
4 11 1 597.4 
1 8 1 109.39 
5 3 5 739.82 
4 12 2 669.03 
4 8 12 891.21 
2 12 2 639.35 
2 5 7 742.42 
1 6 10 13.64 
5 5 11 62.76 
1 12 7 135.27 
1 5 4 172.67 
3 6 2 443.82 
5 5 5 684.68 
5 12 1 299.37 
3 7 13 255.73 
1 3 13 977.18 
5 6 1 892.9 
1 3 12 686.13 
3 11 4 141.24 
5 3 4 591.64 
1 8 5 933.17 
2 3 10 980.66 
2 1 13 743.73 
1 8 4 211.4 
2 5 4 337.97 
4 12 2 833.27 
2 2 1 29.38 
4 2 10 656.9 
5 9 12 931.11 
4 8 13 20.05 
5 11 3 210.26 
3 1 12 633.62 
5 4 2 449.13 
4 11 1 105.53 
1 7 6 145.53 
5 4 13 690.96 
2 3 9 621.12 
2 10 12 214.1 
5 5 5 746.79 
1 12 2 985.9 
1 6 1 732.55 
5 4 5 701.17 
1 1 7 65.53 
3 12 11 955.47 
